10152214792320934
10158034750632053
10157550421110934
10157030212767053
10156129164506717
10157030212722053
10157028129897053
10156115398891648
10156401250622053
10156401250562053
10156401250512053
10156051013987053
10156045130047053
10155700024402053
10155700023562053
10155695596267053
10155690301992053
10213548711621212
10155254545597053
10155254544522053
10155409497245934
10154187964183472
567118833459357
10154439241872053
10154439242627053
10154439243532053
10154439243057053
10154439242917053
10154439241307053
10154439240537053
10154439240412053
10206809725183282
10206809724823273
10206809724503265
10206809707022828
10154421851322176
10208922345670399
10208525021896717
10208525021816715
10208525021776714
10208525019616660
10208525019536658
10208525019496657
10208525017656611
10208525017536608
10208525017456606
10208525016496582
10208524982615735
10208524862212725
10208524851412455
10153556118071717
10154239025242053
10154236828042053
10208393038717220
10208393016876674
10208393101318785
10153590828472546
10153235801480969
10153235801250969
10153235801135969
10153235801100969
10153235801075969
10153235801190969
10153235801025969
10154034162725934
10154033321280934
10153868581642053
10153865908467053
10153106234666717
10153558377502631
10204994397681303
10204994396641277
10204994395081238
10204994392001161
10204994389641102
10204994378840832
10204994377800806
10204994370960635
10204994371040637
10204994369960610
10204994345960010
10204994344999986
10204994345519999
10204994344719979
10204994344319969
10204994339799856
10204994338839832
10204994337919809
10204994338119814
10204994337839807
10204994337519799
10204994335679753
10155908280640511
10155908283065511
10155908279845511
10155908278995511
10155908280375511
10155908280230511
10155867872585511
722533777851665
10153649946800934
10153518923942053
10153516570697053
10155704064205332
10153616941925934
10206858425563660
10206858425123649
10206858422083573
10206858422043572
10200542997294615
10200542996614598
10200542996214588
10200542995174562
10200542994334541
10200542994054534
10200542993814528
10152949347607546
10152949347257546
10152949347002546
10152949346927546
10152949351222546
10152949351187546
10152949348422546
10152949348197546
10152949350342546
10152949350217546
10152949346512546
10155663712470468
10153316842452053
10155200638880332
10155200636265332
10155200635880332
10155200635660332
10155200637090332
10155200637020332
10155200637015332
10155200636540332
10153300399925934
10153290471885934
10153290435520934
10153223110535934
10153143154045934
10153036554742053
10153031803062053
10153117163475934
10153006933262053
10153005416722053
10154905114105468
10152987908537053
10152642906107053
10152728841625934
10152728839200934
10152728839170934
10152728839060934
10152728838635934
10152728838490934
10152728838275934
10152728837135934
10152728837045934
10152728836915934
10152728836830934
10152728836545934
10152728836375934
10152728836220934
10152728836140934
10152728835890934
10152728835880934
10152728835830934
10152728835560934
10152728835530934
10152728835395934
10152728835355934
10152728835120934
10152728835020934
10152728834845934
10152728834430934
10152728834420934
10152728834310934
10152728834280934
10152728834180934
10152728834035934
10152728833920934
10152728833820934
10152728833270934
10154407215495593
10154407215345593
10154407215210593
10154407215040593
10152612135697053
10152612135607053
10152612135552053
10152612135492053
10152612135227053
10152612135102053
10152612135057053
10152612135017053
10152612134967053
10152612134632053
10152612134557053
10152612134242053
10152612134197053
10152612134152053
10152612134112053
10152612133822053
10152612133777053
10152612133592053
10152612133542053
10152612133457053
10152612133427053
10152612132992053
10152494208520934
10152493809870934
10100856777592736
10151845015660969
10151845014885969
10151845014820969
10151845014700969
10151845014570969
10202814256216089
10152159245552053
10201176477955505
948476508737
10202319021432322
10202319019152265
10151894120987053
10151894119937053
10151894119752053
10151894119587053
10151894119582053
10151891319122053
10151891318822053
10151886911037053
10151886910402053
10151886909912053
10151881800417053
10151678345066826
10151678341581826
10151678341576826
10151678334051826
10151678333976826
10151678326516826
10151678315271826
10151678314946826
10151678301491826
10151671024966826
10151671024886826
10151670978981826
10151670967381826
10151670967281826
10151670967146826
10151670966856826
10151670947991826
10151493518767104
10151688900827053
10151660583302053
10201234637534917
10151838578903066
10201234496051380
10200347632026284
10200954529374156
4690743112869
10201115636479965
10201115629919801
10201115627519741
10201115626919726
10201115626359712
10201115625479690
10201115624879675
10201115624319661
10201115624079655
10201115623919651
10201115623799648
10201115623719646
10201115622119606
10201115620759572
10201115619319536
10201115618799523
10201115618319511
10151412849092053
10151108497941566
10200465702024200
10151223737572053
3722500943927
3722507744097
3722507464090
3722507224084
3722504664020
10151225408520934
10151225405560934
10151225405460934
10151225405195934
10151225410410934
10151225410195934
10151225410125934
10151225315475934
10151225315030934
10151225314495934
10151225313830934
10151225311980934
10151225312085934
3672647377619
3672646857606
3672646977609
3672644297542
3672642137488
10151178043665934
10151178054145934
10151177697780934
10151177692930934
10151177692820934
10151177689680934
10151177689050934
10151177683985934
10151178054845934
10151178053495934
10150978180768671
10150978180158671
10150978179993671
10150978179413671
10150978177333671
10150978175433671
10150978174663671
10150978173903671
10150978170253671
10150978168208671
10150978167658671
10150978167418671
10151994530035473
3695350223819
3695350583828
10151087441407053
3608437403085
3608437243081
3608437043076
3608433482987
3608433162979
10151054022520934
10151054023045934
3505014345541
10150837717578640
10150760550887038
10150937654777053
10150767897443671
10150767883023671
10150767879548671
10151638323705214
10150743879447104
10150718917143671
10150718916028671
10150718914988671
10150718912398671
10150718911713671
10150718902738671
10150718900253671
10150718898443671
10150718896458671
10150718895578671
10150706279488671
10150778747620934
10150768827660934
10150768827315934
3643606975720
10150768825095934
10150768824785934
10150768824665934
10150768824520934
10150768824260934
10150768824015934
10150768823755934
10150768823475934
10150768823420934
10150768823325934
10150768822435934
10150768822350934
10150768822105934
10150768822020934
10150768820745934
10150860332143082
10150860331103082
10150860330563082
10150860330233082
10150860329258082
10150860328918082
10150860327933082
10150860326448082
10150860326298082
10150860326138082
10150860319803082
10150859710903066
10150859709753066
10150859708833066
10150742676300934
10150665174780934
10150102951611760
10150626826417053
10150626820842053
10150626820687053
2930752665495
10150505960291826
10150505960191826
10150505961131826
10150505960591826
10150505960031826
10150505935556826
10150505925551826
2517685894347
2517695014575
2517694734568
2517690694467
2517689054426
2517684134303
707066166578
1552655854939
10150363482167104
10150898706765214
2634972513378
2634971073342
1852765777702
1852764257664
1852762857629
1852761897605
1852761537596
2292989965689
2292988845661
2292922644006
2292920923963
2292918563904
2292917963889
2292916883862
2292907843636
2292907203620
2292900043441
2292899363424
2292897163369
10150328699972104
10150328699187104
10150328699087104
10150328705222104
10150328705152104
10150328704782104
10150328704682104
10150328704427104
10150328702202104
10150328698827104
10150328698532104
10150328698217104
10150313117588671
10150313115908671
254185031287366
10150356395596826
10150371933005934
10150371932595934
10150371930770934
10150371929020934
10150371927050934
10150371926850934
1730045789779
1730047549823
1730047269816
1730046909807
1730046389794
1730046189789
1730045949783
10150272190587104
10150353554157053
10150353550977053
10150353545852053
10150353544562053
2134007942638
749538027840
10150341401905934
10150341401780934
10150341401570934
10150341400055934
10150341399800934
10150341407260934
10150341407205934
10150341406835934
10150341405965934
1491966817751
263384083676454
263386373676225
263386217009574
263386123676250
263385950342934
263385843676278
263385727009623
263385443676318
263385353676327
263385283676334
263385200343009
263385080343021
263384947009701
263384877009708
263383930343136
10150329391740110
10150329281345110
10150329281200110
10150329281115110
10150329256115110
10150329255375110
10150329255215110
10150329254350110
10150329256415110
10150329256055110
10150329255945110
10150329255880110
10150329255820110
10150329255290110
10150329254890110
10150329254275110
10150329253750110
10150329253340110
10150329253220110
10150335175250934
2312461256648
926049183012
926049667042
10150728731510473
10150728731385473
10150317746432053
10150296572556826
218902518148951
10150693580530043
10150693580750043
10150246739575969
217789641593572
10150307476235934
10150307475525934
10150307475330934
10150307475180934
10150307476175934
10150307475950934
10150307475255934
1476297386025
1476297626031
2178026295858
10150291318755934
10150288226630110
3053498095557
881462240602
10150281062810934
10150281062865934
10150281062945934
10150268365376648
10150268365156648
10150268365146648
10150268365116648
10150268365096648
10150268364726648
10150268364511648
10150268364461648
10150268364406648
10150268364366648
10150268364306648
10150268363596648
10150268363576648
10150268363246648
10150268363176648
10150268362996648
10150268362626648
10150268362171648
10150268362106648
10150268361981648
10150268361921648
10150268361906648
10150268361451648
10150268360671648
10150268360501648
10150268360411648
10150268360321648
10150268359796648
10150268359391648
10150268359356648
10150268359331648
10150268353441648
10150268353041648
10150268352251648
10150268352141648
10150268352071648
10150268352026648
10150268351751648
10150268351671648
10150268351601648
10150268351426648
10150268351331648
10150258752561826
10150258751356826
581053118364
10150271462720110
10150271462170110
10150271461740110
10150271461675110
10150271461480110
10150191627833640
10150262050881648
10150262052386648
10150262052356648
10150262052331648
10150262052291648
10150262051716648
10150262051066648
10150262051016648
10150262050971648
10150262050806648
10150266335250110
10150266335200110
10150266335070110
10150266335025110
10150266334600110
10150266334565110
10150266334415110
10150266334285110
10150189515793640
10150258586565934
1866297770051
1922206007664
2054811336822
2054810696806
10150225092285934
10150197429150934
10150197429065934
10150110343256498
10150114558148671
10150114559013671
10150114558253671
10150114509418671
10150114510443671
10150114510118671
10150114509963671
10150114509868671
10150114509378671
10150114509128671
10150114509058671
10150114508238671
10150114504603671
10150114504533671
1742359951683
1738700740205
1738701700229
1738701620227
1738701460223
1738701580226
1738699060163
1738701860233
2770903430867
2765863184864
2765857664726
484106496585
476700822571
476699927571
476699542571
476699482571
476699222571
476699027571
476698987571
476698557571
476698502571
476698112571
476697907571
476697542571
476696792571
476696692571
476696502571
476696267571
10150110019740934
10150109976005934
10150109973305934
10150109972620934
10150109972045934
10150109971410934
10150109971395934
10150109971355934
10150109970975934
10150109970820934
10150109970715934
10150109970620934
10150109970395934
10150109970265934
10150109969425934
10150109969345934
10150109968910934
10150109968560934
10150109968525934
10150109968315934
10150109968220934
1773705628094
1773699747947
472442196335
472438906335
1572855914116
10150349677565296
10150349685035296
10150349682540296
10150349682435296
10150349682270296
10150349680030296
10150349679400296
10150349675435296
10150349675145296
10150349679525296
10150349679120296
10150349677930296
10150349677810296
10150349677315296
10150349676475296
10150349681460296
10150349679300296
10150349678170296
10150349678890296
10150349678760296
10150349678625296
670761787832
469951990748
469951315748
2646495960758
2646495360743
2646500320867
2646496440770
2646496560773
2646496240765
2646494040710
462548011335
462547751335
462541921335
462541096335
462537366335
462414436335
462398451335
10150332820810296
10150332809720296
629029467960
10150324384450065
10150324384600065
490472227473
490472197473
490474872473
2591762792463
2591811593683
2591749792138
2591750792163
2591747112071
446699750748
447782890291
487510800933
1595323239508
1595322439488
1595313559266
1595304559041
1670586970192
1670573249849
1670572969842
1670572329826
1670572209823
1670571569807
1670563689610
1670559849514
1670559729511
1670559529506
1670559449504
1670546449179
427907316497
1505215063209
424289476497
470469840933
470469830933
470469825933
470454605933
470453485933
470453060933
470453055933
470452075933
470451640933
470451300933
470451045933
470451025933
470450920933
1546088568672
1546088528671
1546087368642
1546086848629
10150267424855296
10150267424345296
10150267424320296
1546086408618
10150267423695296
10150267423690296
431293040748
431292990748
5033480933
1420793912661
457132415933
457131780933
457131765933
457131620933
457131190933
457131170933
457130800933
457130770933
457130710933
457130655933
457130620933
457130555933
457130530933
457130505933
457130305933
1452439183845
1452438823836
1398418353286
407526337851
448596445358
448528365358
448528180358
448528150358
448528075358
448528045358
407666658357
401182268670
435229900933
372724967103
372628777103
372628772103
391723607052
391723477052
391723462052
391723447052
391723367052
391723362052
398869458065
398869453065
398869438065
398869428065
398869388065
332034987103
341034587052
1189347740173
1320530894999
204605488639
1240760132001
1240760051999
1240760011998
1240759971997
1240759931996
1240759891995
207851712037
207846862037
207843372037
1240760332006
1240761212028
1240759811993
189603662184
1282458503213
175184802037
175182117037
175181397037
148428432103
148428377103
148862043670
148857383670
148857333670
148855438670
154299872037
1113027672219
1113024952151
133973923670
133973918670
133973903670
133973973670
133973953670
133973933670
137677347037
137676432037
124403357103
124403237103
124403232103
133197682037
133185032037
131768902037
131768352037
131767817037
131767072037
1165624653661
1205439368915
1205439328914
1205439088908
1205439008906
127497107037
127497092037
127495377037
1159313135877
113370240107
119525727052
1130150446828
1130150406827
1130150126820
98019355740
98019330740
1115047069253
1115047029252
1114946266733
1114946226732
1114946146730
1114945066703
1114945026702
1110511635870
1110510995854
1110510955853
85775697037
85775267037
85775262037
1147103790562
1081357907045
1081359627088
1081359387082
1081358867069
1081357347031
1081357267029
1081357187027
1081356867019
66982212037
65659092037
70838637052
70838617052
70838612052
70838602052
70838587052
55760197103
55759907103
55759892103
55759882103
55759877103
55759482103
55759477103
55759472103
55759422103
55759417103
55759412103
55759387103
55758597103
55758587103
55758547103
55754597103
55754572103
55754522103
55754507103
55754497103
55754472103
55754452103
55754402103
55754397103
55754357103
55754352103
55754347103
55754342103
55754287103
55754267103
55754247103
55754242103
55754237103
55431682103
70559945933
70559910933
70559890933
70559865933
70559850933
59933897037
59933887037
1061643094187
1060573707453
1060573627451
1060310380870
55001387037
55001377037
1051894210471
1049983122695
1049983322700
1049983042693
119738070380
43635657103
43629337103
43629332103
43629327103
43629227103
43629172103
1034169767371
1031981992678
1030573397464
44918577037
44918402037
44918387037
44336597037
1027025948780
1027025108759
1027024828752
1027024788751
1027024748750
1027025228762
43970857037
43970852037
43970842037
43970442037
43970072037
43969522037
43969502037
1026473454968
1026473374966
1026473214962
1026473134960
1026473094959
1026472974956
1026472614947
1026473854978
1026473814977
1026473254963
1026472934955
1026472894954
1026472694949
1025161142161
1025161102160
1025161462169
57888559568
1024781612673
1024781572672
41247987037
41247827037
41247742037
41247732037
41247527037
41247252037
41246847037
1024604528246
1024604368242
1024403963232
1024403443219
1024403403218
33253417103
1023369617374
1023369457370
1023369417369
1023369337367
1023369297366
1023369257365
1023369217364
1023369017359
1022775802529
1022775762528
1022775682526
36962037037
36961867037
36961682037
36961567037
1022749201864
36960602037
36960592037
36960587037
36960577037
36960407037
31162052103
31162047103
1022406993309
32723977037
1020845314268
32256782037
32256777037
32256762037
1020643309218
1020643269217
1020643229216
1020643189215
1020640829156
1020640789155
1020640749154
1020640709153
31849772037
31849767037
31849592037
31358227037
31358222037
31356377037
1020138656602
30113242037
30113232037
30113227037
30112437037
30112432037
30112417037
72640505380
72640510380
35580776170
35580761170
35580031170
534333925222
30252737052
30252732052
30252727052
30252522052
30252372052
30252347052
30252072052
30252067052
30251702052
30251692052
30251412052
1012133905079
1012133865078
702924940760
702924900840
702916861950
702916812050
702909771160
25840957052
25840867052
25840842052
25839947052
23384311243
23384296243
23384256243
514581887015
13266627052
13266622052
13266612052
13266607052
513631952282
513299753012
513299728062
1002366101078
1017879128767
1017878848760
512262611452
512262596482
617698405420
617669039270
617669029290
617669024300
617668131090
617667382590
617667377600
617666923510
617659413560
617658470450
617656170060
4474012052
4474007052
4473997052
4473932052
4473917052
1009858968268
1002222257482
1002222137479
1002222097478
1002221897473
1002220457437
1002222377485
1009862448355
1009862128347
1009861968343
1009858888266
1009858848265
1009858528257
5033430933
5033425933
5033420933
5033410933
5033400933
5033395933
511777942592
511777902672
511777817842
511777812852
511777787902
511777782912
511777777922
511777767942
511777618242
511777593292
5033385933
5033390933